%YAML:1.0
D: !!opencv-matrix
   rows: 1
   cols: 5
   dt: d
   data: [ -4.4337298238012640e-001, 4.6601672543713929e-001,
       -3.8567669689692889e-004, -5.0548855689584518e-003,
       -6.9479637180812059e-001 ]
