%YAML:1.0
M: !!opencv-matrix
   rows: 3
   cols: 3
   dt: d
   data: [ 1.9803555526330581e+003, 0., 6.1086222580846868e+002, 0.,
       1.9789916769421200e+003, 3.6047838789005476e+002, 0., 0., 1. ]
