%YAML:1.0
Theta_W2C: [ -2.0181758403778076e+000, -7.9103130102157593e-001,
    1.0839269161224365e+000 ]
